#VRML V2.0 utf8
# VRML file written by the visualization toolkit

    Background {
    skyColor [1.000000 1.000000 1.000000, ]
    }
     Viewpoint
      {
      fieldOfView 0.523599
      position 0.500000 0.500000 12.538196
      description "Default View"
      orientation 0 0 1 0
      }
    NavigationInfo {
      type ["EXAMINE","FLY"]
      speed 4.000000
      headlight FALSE}

    DirectionalLight { ambientIntensity 1 intensity 0 # ambient light
      color 1.000000 1.000000 1.000000 }

    DirectionalLight {
      direction 0.000000 0.000000 -1.000000
      color 1.000000 1.000000 1.000000
      intensity 0.250000
      on TRUE
      }
    DirectionalLight {
      direction -0.111619 -0.766044 -0.633022
      color 1.000000 0.972549 0.901961
      intensity 0.750000
      on TRUE
      }
    DirectionalLight {
      direction 0.044943 0.965926 -0.254887
      color 0.909804 0.933333 1.000000
      intensity 0.250000
      on TRUE
      }
    DirectionalLight {
      direction -0.939693 0.000000 0.342020
      color 1.000000 1.000000 1.000000
      intensity 0.214286
      on TRUE
      }
    DirectionalLight {
      direction 0.939693 0.000000 0.342020
      color 1.000000 1.000000 1.000000
      intensity 0.214286
      on TRUE
      }
    Transform {
      translation 0 0 0
      rotation 0 0 1 0
      scale 1 1 1
      children [
        Shape {
          appearance Appearance {
            material Material {
              ambientIntensity 0
              diffuseColor 0.82352941176470584 0.70588235294117652 0.5490196078431373
              specularColor 0 0 0
              shininess 0.78125
              transparency 0
              }
            }
          geometry IndexedFaceSet {
            solid FALSE
            coord DEF VTKcoordinates Coordinate {
              point [
              0 0 0,
              1 0 0,
              0.5 0 0,
              1 1 0,
              1 0.5 0,
              0 1 0,
              0.5 1 0,
              0 0.5 0,
              0.5 0.5 0,
              0 0 5,
              1 0 5,
              0.5 0 5,
              1 1 5,
              1 0.5 5,
              0 1 5,
              0.5 1 5,
              0 0.5 5,
              0.5 0.5 5,
              1 0 0.5,
              1 0 1,
              1 0 1.5,
              1 0 2,
              1 0 2.5,
              1 0 3,
              1 0 3.5,
              1 0 4,
              1 0 4.5,
              0 0 0.5,
              0 0 1,
              0 0 1.5,
              0 0 2,
              0 0 2.5,
              0 0 3,
              0 0 3.5,
              0 0 4,
              0 0 4.5,
              0.5 0 0.5,
              0.5 0 1,
              0.5 0 1.5,
              0.5 0 2,
              0.5 0 2.5,
              0.5 0 3,
              0.5 0 3.5,
              0.5 0 4,
              0.5 0 4.5,
              1 1 0.5,
              1 1 1,
              1 1 1.5,
              1 1 2,
              1 1 2.5,
              1 1 3,
              1 1 3.5,
              1 1 4,
              1 1 4.5,
              1 0.5 0.5,
              1 0.5 1,
              1 0.5 1.5,
              1 0.5 2,
              1 0.5 2.5,
              1 0.5 3,
              1 0.5 3.5,
              1 0.5 4,
              1 0.5 4.5,
              0 1 0.5,
              0 1 1,
              0 1 1.5,
              0 1 2,
              0 1 2.5,
              0 1 3,
              0 1 3.5,
              0 1 4,
              0 1 4.5,
              0.5 1 0.5,
              0.5 1 1,
              0.5 1 1.5,
              0.5 1 2,
              0.5 1 2.5,
              0.5 1 3,
              0.5 1 3.5,
              0.5 1 4,
              0.5 1 4.5,
              0 0.5 0.5,
              0 0.5 1,
              0 0.5 1.5,
              0 0.5 2,
              0 0.5 2.5,
              0 0.5 3,
              0 0.5 3.5,
              0 0.5 4,
              0 0.5 4.5,
              ]
            }
            color DEF VTKcolors Color {
              color [
           0.26666666666666666 0.0039215686274509803 0.32941176470588235,
           0.26666666666666666 0.0039215686274509803 0.32941176470588235,
           0.26666666666666666 0.0039215686274509803 0.32941176470588235,
           0.27450980392156865 0.035294117647058823 0.36078431372549019,
           0.27450980392156865 0.035294117647058823 0.36078431372549019,
           0.27450980392156865 0.035294117647058823 0.36078431372549019,
           0.27843137254901962 0.078431372549019607 0.40000000000000002,
           0.27843137254901962 0.078431372549019607 0.40000000000000002,
           0.27843137254901962 0.078431372549019607 0.40000000000000002,
           0.28235294117647058 0.10980392156862745 0.43137254901960786,
           0.28235294117647058 0.10980392156862745 0.43137254901960786,
           0.28235294117647058 0.10980392156862745 0.43137254901960786,
           0.27843137254901962 0.14509803921568629 0.45882352941176469,
           0.27843137254901962 0.14509803921568629 0.45882352941176469,
           0.27843137254901962 0.17254901960784313 0.4823529411764706,
           0.27843137254901962 0.17254901960784313 0.4823529411764706,
           0.27058823529411763 0.20784313725490197 0.50196078431372548,
           0.27058823529411763 0.20784313725490197 0.50196078431372548,
           0.2627450980392157 0.23529411764705882 0.51764705882352946,
           0.2627450980392157 0.23529411764705882 0.51764705882352946,
           0.25098039215686274 0.26666666666666666 0.52941176470588236,
           0.25098039215686274 0.26666666666666666 0.52941176470588236,
           0.23921568627450981 0.29803921568627451 0.53725490196078429,
           0.23921568627450981 0.29803921568627451 0.53725490196078429,
           0.22745098039215686 0.32549019607843138 0.54509803921568623,
           0.22745098039215686 0.32549019607843138 0.54509803921568623,
           0.21176470588235294 0.35294117647058826 0.5490196078431373,
           0.21176470588235294 0.35294117647058826 0.5490196078431373,
           0.20000000000000001 0.37647058823529411 0.55294117647058827,
           0.20000000000000001 0.37647058823529411 0.55294117647058827,
           0.18823529411764706 0.40392156862745099 0.55294117647058827,
           0.18823529411764706 0.40392156862745099 0.55294117647058827,
           0.1803921568627451 0.42745098039215684 0.55686274509803924,
           0.1803921568627451 0.42745098039215684 0.55686274509803924,
           0.16862745098039217 0.45490196078431372 0.55686274509803924,
           0.16862745098039217 0.45490196078431372 0.55686274509803924,
           0.15686274509803921 0.47843137254901963 0.55686274509803924,
           0.15686274509803921 0.47843137254901963 0.55686274509803924,
           0.14901960784313725 0.50196078431372548 0.55686274509803924,
           0.14901960784313725 0.50196078431372548 0.55686274509803924,
           0.13725490196078433 0.52941176470588236 0.55294117647058827,
           0.13725490196078433 0.52941176470588236 0.55294117647058827,
           0.12941176470588237 0.5490196078431373 0.55294117647058827,
           0.12941176470588237 0.5490196078431373 0.55294117647058827,
           0.12156862745098039 0.57647058823529407 0.54509803921568623,
           0.12156862745098039 0.57647058823529407 0.54509803921568623,
           0.11764705882352941 0.59999999999999998 0.54117647058823526,
           0.11764705882352941 0.59999999999999998 0.54117647058823526,
           0.11764705882352941 0.62352941176470589 0.53333333333333333,
           0.11764705882352941 0.62352941176470589 0.53333333333333333,
           0.12549019607843137 0.6470588235294118 0.52156862745098043,
           0.12549019607843137 0.6470588235294118 0.52156862745098043,
           0.14509803921568629 0.6705882352941176 0.50588235294117645,
           0.14509803921568629 0.6705882352941176 0.50588235294117645,
           0.17254901960784313 0.69411764705882351 0.49019607843137253,
           0.17254901960784313 0.69411764705882351 0.49019607843137253,
           0.20784313725490197 0.71764705882352942 0.47058823529411764,
           0.20784313725490197 0.71764705882352942 0.47058823529411764,
           0.25098039215686274 0.74117647058823533 0.44705882352941179,
           0.25098039215686274 0.74117647058823533 0.44705882352941179,
           0.29411764705882354 0.76078431372549016 0.42352941176470588,
           0.29411764705882354 0.76078431372549016 0.42352941176470588,
           0.34901960784313724 0.7803921568627451 0.39215686274509803,
           0.34901960784313724 0.7803921568627451 0.39215686274509803,
           0.40392156862745099 0.80000000000000004 0.36078431372549019,
           0.40392156862745099 0.80000000000000004 0.36078431372549019,
           0.46666666666666667 0.81568627450980391 0.32156862745098042,
           0.46666666666666667 0.81568627450980391 0.32156862745098042,
           0.53333333333333333 0.83529411764705885 0.27843137254901962,
           0.53333333333333333 0.83529411764705885 0.27843137254901962,
           0.59215686274509804 0.84705882352941175 0.24313725490196078,
           0.59215686274509804 0.84705882352941175 0.24313725490196078,
           0.66666666666666663 0.85882352941176465 0.19607843137254902,
           0.66666666666666663 0.85882352941176465 0.19607843137254902,
           0.72941176470588232 0.87058823529411766 0.15294117647058825,
           0.72941176470588232 0.87058823529411766 0.15294117647058825,
           0.80392156862745101 0.8784313725490196 0.11372549019607843,
           0.80392156862745101 0.8784313725490196 0.11372549019607843,
           0.80392156862745101 0.8784313725490196 0.11372549019607843,
           0.86274509803921573 0.88627450980392153 0.094117647058823528,
           0.86274509803921573 0.88627450980392153 0.094117647058823528,
           0.86274509803921573 0.88627450980392153 0.094117647058823528,
           0.93333333333333335 0.89803921568627454 0.10588235294117647,
           0.93333333333333335 0.89803921568627454 0.10588235294117647,
           0.93333333333333335 0.89803921568627454 0.10588235294117647,
           0.99215686274509807 0.90588235294117647 0.14117647058823529,
           0.99215686274509807 0.90588235294117647 0.14117647058823529,
           0.99215686274509807 0.90588235294117647 0.14117647058823529,
            ]
          }
            coordIndex  [
              0, 27, 81, 7, -1,
              0, 2, 36, 27, -1,
              0, 7, 8, 2, -1,
              1, 4, 54, 18, -1,
              2, 1, 18, 36, -1,
              2, 8, 4, 1, -1,
              7, 81, 63, 5, -1,
              5, 63, 72, 6, -1,
              7, 5, 6, 8, -1,
              4, 3, 45, 54, -1,
              6, 72, 45, 3, -1,
              8, 6, 3, 4, -1,
              27, 28, 82, 81, -1,
              27, 36, 37, 28, -1,
              18, 54, 55, 19, -1,
              36, 18, 19, 37, -1,
              81, 82, 64, 63, -1,
              63, 64, 73, 72, -1,
              54, 45, 46, 55, -1,
              72, 73, 46, 45, -1,
              28, 29, 83, 82, -1,
              28, 37, 38, 29, -1,
              19, 55, 56, 20, -1,
              37, 19, 20, 38, -1,
              82, 83, 65, 64, -1,
              64, 65, 74, 73, -1,
              55, 46, 47, 56, -1,
              73, 74, 47, 46, -1,
              29, 30, 84, 83, -1,
              29, 38, 39, 30, -1,
              20, 56, 57, 21, -1,
              38, 20, 21, 39, -1,
              83, 84, 66, 65, -1,
              65, 66, 75, 74, -1,
              56, 47, 48, 57, -1,
              74, 75, 48, 47, -1,
              30, 31, 85, 84, -1,
              30, 39, 40, 31, -1,
              21, 57, 58, 22, -1,
              39, 21, 22, 40, -1,
              84, 85, 67, 66, -1,
              66, 67, 76, 75, -1,
              57, 48, 49, 58, -1,
              75, 76, 49, 48, -1,
              31, 32, 86, 85, -1,
              31, 40, 41, 32, -1,
              22, 58, 59, 23, -1,
              40, 22, 23, 41, -1,
              85, 86, 68, 67, -1,
              67, 68, 77, 76, -1,
              58, 49, 50, 59, -1,
              76, 77, 50, 49, -1,
              32, 33, 87, 86, -1,
              32, 41, 42, 33, -1,
              23, 59, 60, 24, -1,
              41, 23, 24, 42, -1,
              86, 87, 69, 68, -1,
              68, 69, 78, 77, -1,
              59, 50, 51, 60, -1,
              77, 78, 51, 50, -1,
              33, 34, 88, 87, -1,
              33, 42, 43, 34, -1,
              24, 60, 61, 25, -1,
              42, 24, 25, 43, -1,
              87, 88, 70, 69, -1,
              69, 70, 79, 78, -1,
              60, 51, 52, 61, -1,
              78, 79, 52, 51, -1,
              34, 35, 89, 88, -1,
              34, 43, 44, 35, -1,
              25, 61, 62, 26, -1,
              43, 25, 26, 44, -1,
              88, 89, 71, 70, -1,
              70, 71, 80, 79, -1,
              61, 52, 53, 62, -1,
              79, 80, 53, 52, -1,
              35, 9, 16, 89, -1,
              35, 44, 11, 9, -1,
              9, 11, 17, 16, -1,
              26, 62, 13, 10, -1,
              44, 26, 10, 11, -1,
              11, 10, 13, 17, -1,
              89, 16, 14, 71, -1,
              71, 14, 15, 80, -1,
              16, 17, 15, 14, -1,
              62, 53, 12, 13, -1,
              80, 15, 12, 53, -1,
              17, 13, 12, 15, -1,
            ]
          }
        }
      ]
    }
